codine,2002,2003,2004,2005,2006,2007,2008,2009,2010,2011,2012,2013,2014,2015,2016,2017,2018,2019
03001,103,95,117,121,136,161,178,189,198,203,207,210,130,118,163,153,161,120
03002,3,10,16,20,24,31,31,31,32,35,35,36,32,36,35,40,36,38
03003,0,0,0,2,3,16,20,19,19,19,21,8,13,12,16,14,11,13
03004,12,22,54,71,97,112,132,133,131,129,128,120,77,63,53,47,47,60
03005,38,80,151,265,335,402,447,456,465,427,447,448,337,297,245,241,249,287
03006,309,373,427,532,573,588,652,675,684,612,597,564,523,509,484,474,500,485
03007,0,2,6,14,20,24,31,32,36,32,32,33,29,22,25,24,23,19
03008,0,0,0,0,0,0,0,2,2,2,3,3,3,0,0,2,2,2
03009,13,20,21,25,28,28,36,48,54,57,60,30,33,37,40,44,42,50
03010,1,0,2,2,4,4,4,6,8,8,8,6,5,5,5,5,7,7
03011,1842,1874,1660,2179,2575,2856,3088,3137,3239,3325,3354,3325,3081,3138,2961,1981,2412,2413
03012,161,320,461,745,1318,1983,2361,2536,2681,2736,2826,2964,2030,1932,1512,1050,1059,1102
03013,3,5,5,21,27,28,34,36,38,38,38,39,14,20,19,19,18,13
03014,389,491,478,572,711,711,801,832,852,923,949,1001,803,590,663,646,672,741
03015,32,97,172,335,580,708,858,942,1015,717,768,805,790,756,685,663,637,689
03016,4,3,4,10,14,14,18,18,23,23,21,21,11,10,9,9,7,8
03017,3,3,9,12,13,10,12,13,13,14,12,11,8,6,5,3,3,3
03018,575,707,723,970,1193,1287,1386,1408,1441,1417,1458,1463,941,897,706,721,733,784
03019,28,62,99,184,296,347,391,408,418,335,328,278,231,225,218,178,193,218
03020,17,17,16,19,22,24,23,25,25,24,24,22,17,15,15,17,16,14
03021,0,2,2,2,2,7,11,13,13,13,15,15,15,13,14,10,10,10
03022,0,2,2,2,2,3,3,3,3,3,3,2,3,1,0,0,0,3
03023,0,0,0,6,12,12,13,13,15,13,13,10,8,9,5,5,6,4
03024,3,8,14,32,53,64,77,90,102,108,111,114,109,104,82,87,85,71
03025,2,15,34,51,94,118,130,139,133,121,118,116,113,107,95,87,83,65
03026,32,41,56,84,105,134,152,164,117,129,138,156,114,122,119,115,122,113
03027,1,3,3,12,10,10,18,18,18,18,26,6,18,16,14,6,6,11
03028,0,0,2,7,7,16,16,16,16,16,16,16,13,13,9,7,7,11
03029,82,119,153,170,198,208,209,218,230,233,235,235,202,190,126,137,153,165
03030,225,247,285,310,354,357,395,417,373,380,394,398,305,307,272,231,244,216
03031,2346,3012,2944,3606,4076,4539,4949,5282,5492,5627,5780,5912,3217,3203,2137,2222,2322,2643
03032,0,0,0,0,0,0,0,0,0,0,0,0,0,0,0,0,0,0
03033,0,0,2,2,2,7,7,9,11,14,14,14,12,8,9,8,7,5
03034,251,455,697,926,1065,1144,1257,1296,1339,1379,1385,926,1097,995,753,795,828,861
03035,5,6,3,7,7,10,19,28,25,28,27,25,25,26,25,18,18,20
03036,0,0,0,1,1,1,1,4,3,0,0,0,0,0,0,0,0,2
03037,13,24,28,39,40,37,40,39,45,41,44,31,28,27,30,28,32,33
03038,8,5,9,11,12,25,26,26,27,20,24,24,27,22,21,18,21,23
03039,1,6,7,12,12,12,12,12,14,13,13,8,10,10,8,8,7,8
03040,17,21,36,46,72,91,83,74,77,75,80,87,79,73,55,51,61,67
03041,908,1168,1068,1224,1444,1545,1710,1755,1838,1887,1941,1943,1228,1227,962,915,844,866
03042,697,902,1033,1284,1576,1838,2090,2166,2214,2257,2311,2313,1629,1631,1177,1117,1194,1176
03043,0,0,2,7,7,14,29,33,31,37,36,34,27,25,20,23,27,26
03044,9,23,36,145,219,258,272,283,277,283,277,195,249,233,216,154,176,167
03045,47,44,49,73,76,80,86,99,110,112,110,109,98,94,93,90,90,89
03046,122,201,294,481,592,656,733,776,791,798,800,790,608,558,483,432,411,407
03047,2469,2920,3146,3527,3848,4143,4375,4416,4462,4334,4285,4236,2317,2071,1191,1538,1617,1670
03048,182,188,148,188,224,232,242,251,247,251,254,143,158,116,91,86,85,83
03049,1,9,23,39,53,91,95,114,121,108,110,93,89,93,85,60,48,55
03050,540,697,734,954,1118,1228,1289,1328,1321,1301,1255,1279,792,801,750,722,664,690
03051,1,1,1,1,1,1,1,1,1,1,1,1,3,3,2,4,5,1
03052,1,1,1,1,1,1,1,1,1,1,1,1,0,2,2,2,2,2
03053,15,29,121,439,634,822,952,1022,1071,1087,1101,1108,733,611,482,404,397,394
03054,0,14,23,33,41,50,53,57,60,69,65,71,42,40,40,41,45,47
03055,7,25,76,364,945,1277,1433,1479,1522,1520,1503,959,879,890,792,850,847,787
03056,35,41,52,76,138,194,232,226,248,249,250,209,171,133,123,115,110,106
03057,2,14,13,11,11,16,16,18,18,22,23,4,1,3,8,10,10,8
03058,1,9,10,12,11,13,11,31,36,38,39,35,37,37,26,29,27,27
03059,59,118,214,316,383,427,478,479,443,322,310,323,325,321,336,343,369,387
03060,6,6,6,6,6,4,4,3,3,3,3,3,2,1,1,2,7,5
03061,6,7,65,219,309,351,424,436,454,461,468,454,295,268,262,195,235,232
03062,8,21,32,88,98,183,285,346,358,370,377,376,307,285,278,321,270,259
03063,804,1009,1028,1274,1421,1509,1603,1641,1659,1603,1557,1533,1036,964,936,890,860,902
03064,41,57,133,255,329,403,494,520,452,430,378,317,276,293,266,273,283,311
03065,197,281,396,610,826,943,1012,1038,1070,1072,1077,1104,1018,566,524,562,582,667
03066,3,11,17,22,27,29,32,37,35,35,40,45,46,38,28,29,33,37
03067,2,2,0,1,1,2,2,3,3,3,2,1,1,1,0,0,0,0
03068,,8,8,8,8,8,8,8,8,7,7,4,3,6,6,6,3,3
03069,224,331,430,528,656,862,1032,1126,1187,1270,1316,1341,772,675,510,528,499,479
03070,21,59,137,309,501,717,996,1071,1099,1114,1163,1175,803,824,677,677,715,756
03071,114,125,145,178,199,437,509,538,566,591,582,588,415,380,331,312,315,356
03072,0,0,0,0,0,2,14,17,57,47,47,48,45,29,23,26,28,23
03073,0,0,0,0,2,2,2,2,6,5,5,7,7,3,5,4,4,3
03074,2,3,4,5,8,9,8,5,3,4,4,4,4,3,5,4,3,3
03075,1,0,5,8,8,9,11,11,14,18,17,15,17,19,20,16,18,21
03076,256,412,500,771,1280,1822,2120,2217,2261,2298,2321,2268,1542,1476,1386,990,992,1057
03077,42,84,182,342,417,537,710,797,833,837,833,831,578,535,487,459,456,498
03078,9,63,217,372,456,513,492,514,503,521,523,499,396,441,424,381,384,426
03079,2,8,14,17,17,17,16,17,10,10,12,14,13,13,18,19,14,14
03080,17,29,58,94,152,210,270,294,287,298,295,259,193,173,174,168,196,201
03081,324,411,437,631,767,785,867,894,928,958,957,974,599,505,455,450,442,451
03082,5283,6154,5353,6161,6833,7370,7767,8109,8323,8573,8737,8858,6176,5309,4966,4613,4545,4544
03083,40,40,50,84,108,135,142,142,153,156,157,154,94,82,60,44,41,57
03084,0,1,9,13,16,33,35,36,40,47,48,47,29,24,23,19,18,18
03085,138,222,265,341,366,401,451,463,470,479,496,501,499,509,509,404,466,376
03086,14,10,14,17,31,33,39,45,50,44,46,48,47,47,46,50,50,48
03088,3,10,24,44,70,149,198,246,250,266,274,283,195,157,94,83,95,93
03089,20,62,104,152,215,280,309,320,334,323,314,313,218,217,199,175,201,234
03090,129,168,192,312,386,493,512,542,561,581,587,365,453,405,408,368,338,343
03091,53,94,123,156,199,214,228,236,242,228,229,235,163,165,144,129,140,133
03092,14,24,40,66,87,109,135,154,127,131,119,117,111,109,107,95,96,92
03093,7,12,33,62,70,77,80,84,82,59,64,69,59,50,50,49,48,45
03094,913,1108,1014,1388,1658,1842,1982,2141,2181,2166,2214,2283,2295,2224,2177,1458,1344,1313
03095,58,76,80,88,98,93,115,115,115,109,101,89,66,71,61,74,71,91
03096,0,19,44,60,73,99,105,121,120,115,116,56,73,68,58,61,58,58
03097,345,399,478,585,742,849,921,947,968,964,949,936,694,668,563,526,587,617
03098,,27,39,53,71,93,121,141,147,152,158,159,138,133,91,84,69,58
03099,3500,6105,7123,10223,12109,14203,16327,17121,17672,18130,18641,18834,13991,13503,11861,9237,9393,9514
03100,79,122,136,167,210,235,239,254,278,290,304,311,260,241,244,240,215,221
03101,201,279,305,433,571,661,718,783,761,751,795,758,572,527,518,482,460,495
03102,245,377,419,566,616,655,698,727,739,744,743,753,460,505,467,378,455,460
03103,2,2,2,3,4,6,6,8,8,8,8,8,4,2,4,3,2,4
03104,6,9,9,31,32,38,43,55,49,48,43,44,27,23,24,25,29,31
03105,17,52,99,220,310,366,445,544,617,638,637,641,492,530,484,497,526,599
03106,14,22,23,27,37,48,51,52,58,62,64,62,54,46,38,46,33,32
03107,122,155,268,383,465,509,598,629,630,644,647,666,420,395,350,361,363,339
03109,0,3,5,5,13,18,28,34,38,30,35,28,27,25,26,30,31,34
03110,86,95,106,122,152,176,200,210,229,231,231,221,184,173,155,142,134,136
03111,1,3,3,15,28,37,41,44,45,41,42,41,24,14,18,17,16,12
03112,53,86,126,159,199,248,309,354,363,384,393,395,335,361,347,258,255,231
03113,1546,2355,3211,4668,6134,7134,8070,8705,8840,9181,9334,9083,7249,6665,6291,5564,5648,5846
03114,53,94,158,250,333,374,422,442,449,401,361,327,301,271,278,263,257,270
03115,34,41,42,71,72,86,93,100,121,109,104,101,82,88,92,74,75,85
03116,14,29,38,71,97,118,128,141,129,114,116,114,80,86,78,96,109,114
03117,35,46,59,76,93,111,116,122,124,126,128,99,104,106,96,78,82,86
03118,1053,1579,2416,3658,4679,5311,5882,6138,6187,6262,6304,6364,3980,3781,2651,2803,2973,2853
03119,60,79,110,128,142,153,163,163,166,172,179,178,122,116,97,87,90,105
03120,889,1305,1675,2262,2651,3033,3315,3375,3310,3124,2926,2512,2424,2336,1929,1661,1643,1779
03121,209,401,703,1582,2285,2826,3146,3280,3395,3440,3465,3473,1737,1601,1274,897,966,1066
03122,32,42,41,51,58,70,78,85,85,88,87,88,71,70,68,67,67,66
03123,7,69,174,258,337,415,465,532,547,549,545,549,282,246,247,251,259,278
03124,5,15,27,25,34,35,40,48,43,40,37,35,28,29,28,27,26,26
03125,59,65,74,89,90,89,94,94,103,110,104,98,60,54,45,45,46,50
03127,58,65,65,78,83,84,84,94,102,104,108,111,93,85,75,79,76,80
03128,2401,2893,2399,2786,3109,3372,3768,3948,3998,4016,3965,3951,2572,2408,1958,1692,1957,2064
03129,9,21,49,75,100,116,122,123,125,147,150,155,107,103,96,89,68,68
03130,,5,5,5,9,9,9,9,9,9,9,4,3,1,6,5,8,9
03131,54,51,59,79,97,97,120,124,126,131,138,141,93,83,86,90,86,88
03132,0,0,4,8,8,23,25,29,29,29,31,33,26,25,25,20,19,15
03133,7381,9135,7815,9832,10902,11636,12550,12749,12725,12994,13121,13172,7338,5995,4427,4431,4437,4533
03134,7,7,7,8,9,12,12,13,10,11,9,9,7,5,5,6,7,7
03135,6,7,11,13,11,11,12,12,12,14,14,14,7,4,4,5,7,5
03136,9,14,18,38,40,48,60,60,65,73,69,42,45,44,42,42,41,34
03137,11,11,26,54,72,73,91,101,97,90,84,86,50,44,40,44,44,43
03138,8,16,27,45,59,75,84,91,94,99,102,94,82,74,63,64,61,53
03139,245,449,523,728,858,996,1103,1130,1175,585,642,710,617,608,499,467,481,499
03140,19,25,50,94,130,159,184,185,184,182,181,187,149,126,110,100,114,122
03901,96,138,157,217,312,374,429,431,428,428,437,437,441,434,412,355,368,326
03902,585,1183,1991,2962,3528,3910,4282,4489,4595,4674,4777,4699,3315,3163,2812,2613,2675,2850
03903,58,101,166,240,349,804,1048,1169,1296,1370,1298,1161,1116,1082,1045,985,928,948
03904,0,0,7,13,21,36,45,45,48,53,48,51,50,48,50,38,39,43
